0.5,2.5,3.348905,0.8094142,6.640012,2.724642,0.2441697,0.5,1.5,1.833355,0.02854203,1.41381,0.44554,-0.03153669,-0.1352138,-0.2341657,0.9622313,0.9999999,-1.264187,3.991808,1.573229,-0.3212213,0,0,1.001567,1.635901
0.2545787,2.090428,3.348905,0.8094142,6.640012,2.724642,0.2441697,0.5,1.5,1.833355,0.02854203,1.41381,0.44554,-0.2293627,-0.05996921,-0.2522585,0.9381695,1,0.3163018,-3.442999,4.938741,0,0,0,2.817388,10.59972
0.2545787,4.760654,3.348905,0.8094142,6.640012,2.724642,0.2441697,0.5,1.5,1.833355,0.02854203,1.41381,0.44554,-0.272686,-0.0008544922,-0.2331571,0.9334235,0.9999999,-6.140884,1.023439,-0.9830189,0,0,0,1.719309,4.819436
0.3176574,4.760654,3.348905,0.860732,9.518998,3.259645,0.2380928,0.9511679,1.499177,0.5694588,11.82765,7.942173,2.816461,0.2171332,0.1108753,0.2000614,0.9489654,1,-2.639941,5.764466,2.040771,0.4882489,0.5064046,0.5108674,0.4941476,0.1254243
0.3176574,4.760654,3.348905,6.518998,9.518998,2.671182,0.2396922,0.8391956,0.1459678,0.9005691,16.67036,14.56883,3.939979,-0.2424458,0.04061586,0.1455604,0.9583228,0.9999999,14.32113,8.165051,-2.958426,0.8374355,0,0,1.386969,7.1577
0.5200742,4.760654,3.348905,6.518998,9.518998,2.671182,0.2396922,0.8391956,2.857144,0.9005691,16.67036,14.56883,3.939979,-0.02201229,0.1738088,0.3588484,0.9168063,1,1.444305,2.903196,2.329177,0,-0.4638267,-0.6905933,0.6744765,2.884121
0.3176574,4.760654,3.348905,6.518998,9.518998,2.671182,0.2396922,0.8391956,0.1459678,0.4507619,16.67036,14.56883,3.939979,-0.35166,0.033169,0.2473989,0.9022355,1,6.860273,5.52921,1.839152,0.1277936,-0.8387103,0,0.5718673,0.8081385
0.5200742,4.760654,3.348905,6.518998,9.518998,2.671182,0.2396922,0.8391956,2.857144,0.9005691,16.67036,14.56883,3.939979,0.1057989,-0.1278786,0.3475962,0.9228383,1,4.511487,-2.634053,5.132813,-0.4394863,-0.4654756,-0.5186822,0.5667037,0.5238742
0.5200742,4.760654,3.348905,6.520743,9.518998,2.614833,0.2396922,0.8391956,2.857144,0.7010063,6.503694,13.15098,3.915453,-0.1801402,0.02606337,0.1670094,0.9690088,0.9999999,4.146645,-1.414599,4.973767,-0.4692726,-0.4822219,-0.5098725,0.5359806,0.5238742
0.5200742,2.20091,3.348905,6.520743,9.518998,2.614833,0.2396922,0.8391956,2.857144,0.8573651,6.503694,13.15098,3.915453,0.2340375,0.2268095,-0.06050502,0.9434633,1,2.768803,5.077572,3.016924,-0.5236718,0.4655687,0.5402658,0.4659683,0.1503571
0.3176574,4.760654,3.348905,0.860732,9.518998,2.377069,0.2380928,0.9511679,1.499177,0.5694588,11.82765,7.942173,2.816461,-0.01889568,0.0615003,0.4470757,0.8921794,1,-2.639941,5.764466,2.040771,0.4985413,0.5008078,0.501376,0.4992697,0.1254243
0.3176574,4.760654,3.348905,0.860732,9.518998,2.377069,0.2380928,0.9511679,1.499177,0.5694588,11.82765,7.942173,2.816461,-0.04909488,-0.05880027,0.477547,0.8752606,0.9999999,-2.720061,5.293077,2.185675,-0.5013322,-0.5199549,-0.4889557,0.4891168,0.04538605
0.2545787,4.760654,4.520018,0.8094142,9.518746,2.433344,0.2381205,0.5,1.547956,0.8890105,0.02854203,1.41381,0.44554,-0.5350937,0.04219362,-0.2502141,0.8057837,0.9999999,3.30827,-2.599743,3.270185,0.4995605,0.4997071,-0.4999933,0.5007383,0.001942774
0.5200742,4.760654,3.348905,6.518998,9.518998,2.671182,0.2396922,0.8391956,2.857144,0.9005691,16.67036,14.56883,3.939979,0.1554618,0.3204164,0.4190093,0.8352222,1,9.455609,-0.252798,5.684559,0,0,0.7806755,0.9006944,2.630025
0.3176574,4.760654,3.348905,6.518998,9.518998,2.671182,0.2396922,0.8391956,0.1459678,0.4507619,16.67036,14.56883,3.939979,-0.2314152,0.2300609,0.5206301,0.7889634,1,7.756479,3.921275,1.959566,0.4925894,0.5065042,0.5107044,0.489888,0.04266613
0.3927543,1.215401,0.9744185,1.743361,1.668952,3.272341,0.5340779,0.6133329,1.621978,0.4049311,0.02854203,1.41381,0.44554,0.1735982,0.09395672,0.003112195,0.9803194,1,-1.050084,-0.7604904,0.8179358,-0.4915639,-0.5017211,0.5016413,0.5049722,0.1081513
0.4529049,1.215401,0.9744185,2.964593,3.413267,3.037429,0.2407875,0.529266,1.621978,0.5148817,0.02854203,1.41381,0.44554,0.05386829,-0.224442,-0.412436,0.8812608,1,-0.5268624,0.8746057,-0.8168321,-0.4774173,-0.5086412,0.5290213,0.4832115,0.09463773
0.6203246,0.6400169,0.6102598,2.964593,2.322083,3.075703,0.2429795,0.529266,1.142503,0.5148817,0.02854203,1.41381,0.44554,0.1466669,-0.282036,-0.2797023,0.9059311,1,-0.02295333,0.06670865,-1.121274,-0.4909044,-0.4891112,0.5116037,0.5079811,0.0485324
0.540968,0.2411177,0.6102598,2.566209,0.7318256,3.219771,0.5768837,0.5216074,1.142503,0.5148871,0.02854203,1.41381,0.44554,0.1338001,-0.3034215,-0.01105663,0.9433508,1,-0.1382976,0.04672382,-1.027637,0.4828759,0.4866271,0.518961,0.5105922,0.06620546
0.4160566,0.2689921,3.348905,0.7517765,9.518998,2.485425,1.062767,0.04853414,2.857144,0.9005691,7.060928,1.345989,2.083342,0.3370309,-0.7526752,0.5566004,0.1004303,1,47.17292,-143.4961,64.35574,0,0,0,7.829031,134.1115
0.5247264,0.2689921,3.348905,0.7517765,9.518998,3.158337,1.062767,0.04853414,2.857144,0.9005691,7.060928,1.345989,2.083342,0.5535365,-0.7730839,0.295025,0.09433445,1,93.60013,-163.0977,85.0825,0,0,0,7.829031,134.1115
0.3502277,1.515399,3.348905,0.8094142,6.640012,2.724642,0.2441697,0.0476205,1.5,1.833355,000.0285420300,001.4138100000,000.4455400000,-000.3581776000,000.2007948000,000.0780000600,000.9084637000,001.0000000000,067.9681300000,-014.8508800000,006.0225180000,000.0000000000,000.0000000000,000.0000000000,006.8990270000,80.57793
0.3502277,1.515399,3.348905,0.8094142,6.640012,2.724642,0.2441697,0.0476205,1.5,1.833355,000.0285420300,001.4138100000,000.4455400000,-000.4264981000,000.1595861000,000.0723057200,000.8873577000,001.0000000000,-002.0228970000,-011.9974400000,-006.2440180000,000.0000000000,000.0000000000,000.0000000000,002.3814190000,11.18823
0.1725427,4.760654,-0.3396538,1.028705,5.683248,2.358377,0.2475484,0.7538789,1.36569,0.6123744,016.6703600000,014.5688300000,003.9399790000,000.1348862000,-000.0971190300,000.4554254000,000.8746207000,000.9999999000,-005.9392300000,-003.1469420000,-000.2964661000,-000.4986235000,000.4966356000,-000.5068712000,000.4978045000,0.01539339
0.2939228,4.760654,-0.3396538,3.371493,5.683248,3.445874,0.6992902,0.7538789,1.316426,1.219135,016.6703600000,014.5688300000,003.9399790000,000.0196972500,000.0844812100,000.2442366000,000.9658278000,001.0000000000,-006.1886370000,-003.3270490000,-000.1004068000,-000.4799474000,000.4886965000,-000.5131908000,000.5171667000,0.07875609
0.2939228,4.760654,-0.3396538,3.878574,1.929677,3.389326,0.6992902,0.7538789,0.9217463,0.8435616,016.6703600000,014.5688300000,003.9399790000,-000.0309252600,-000.3169740000,000.3090479000,000.8961365000,001.0000000000,-006.0577710000,-003.3005550000,-000.0663152600,-000.4927643000,000.5006549000,-000.4933710000,000.5129455000,0.03391212
0.2939228,4.760654,-0.3396538,2.333879,9.516256,3.389326,0.6992902,0.7538789,1.09938,0.8614906,016.6703600000,014.5688300000,003.9399790000,000.1351621000,000.1258399000,000.4472348000,000.8751437000,001.0000000000,-010.7860500000,-004.5637330000,004.3834610000,000.3595147000,000.2834321000,000.4292557000,000.7785596000,0.8219871
0.4897712,4.760654,-0.3396538,2.333879,9.516256,3.389326,0.6992902,0.7538789,1.09938,0.8614906,016.6703600000,014.5688300000,003.9399790000,000.0207149400,000.1616485000,000.4188116000,000.8933294000,001.0000000000,-010.7860500000,-004.5637330000,004.3834610000,000.3595147000,000.2834321000,000.4292557000,000.7785596000,0.8219871
0.7867563,4.760654,-0.3396538,2.333879,9.516256,3.389326,0.6992902,0.7538789,1.09938,0.8614906,016.6703600000,014.5688300000,003.9399790000,-000.0340827700,000.1586739000,000.3927563000,000.9052091000,000.9999999000,-010.7860500000,-004.5637330000,004.3834610000,000.3595147000,000.2834321000,000.4292557000,000.7785596000,0.8219871
0.5,2.5,1.172783,2,3.820967,2.662662,0.2479756,0.5,1.5,1.871219,000.0285420300,001.4138100000,000.4455400000,-000.0115167400,-000.1398374000,-000.2280270000,000.9634919000,000.9999999000,000.1832252000,000.8116813000,-000.8438938000,000.4661624000,000.5265265000,000.4663219000,000.5366622000,0.1311459
0.6394836,2.5,1.172783,2,9.504415,2.662662,0.2479756,0.7924638,2.066804,0.6743033,004.0977030000,002.6109420000,014.3604100000,000.2149711000,-000.1791966000,000.1872641000,000.9415987000,001.0000000000,000.7518208000,-000.9764484000,006.6303610000,000.4072813000,000.4827143000,-000.4173058000,000.6534253000,0.3373448
0.6394836,2.5,1.172783,2,0.4881385,2.662662,0.2479756,0.7924638,2.395767,0.1447633,018.0027700000,014.0072900000,014.3933900000,000.2443462000,000.0659579700,-000.2072659000,000.9449790000,000.9999999000,-002.9865570000,002.0983060000,-004.0140820000,000.0000000000,000.0000000000,-000.4772919000,001.2587320000,3.18281
0.4080131,2.703396,1.172783,0.3793354,0.4789661,3.178246,0.2479756,0.7924638,0.672407,0.663731,001.0324650000,002.7730730000,018.3738300000,-000.3435747000,-000.1981646000,-000.9179358000,000.0090042890,001.0000000000,000.2921796000,000.8070097000,-006.5585690000,-000.5150299000,-000.5198710000,-000.4932638000,000.4702863000,0.1159009
0.4080131,2.703396,1.172783,0.3793354,0.4789661,2.864642,0.2393197,0.7924638,0.672407,0.663731,001.0324650000,002.7730730000,018.3738300000,000.2248901000,000.2007207000,000.9518420000,000.0559678700,000.9999998000,000.2921796000,000.8070097000,-006.5585690000,-000.5150299000,-000.5198710000,-000.4932638000,000.4702863000,0.11590090.5200742,4.760654,3.348905,6.518998,5.72988,2.671182,0.2396922,0.8391956,2.857144,0.6699544,016.6703600000,014.5688300000,003.9399790000,-000.2827078000,000.1396962000,000.1312235000,000.9398626000,001.0000000000,007.0208840000,014.8333200000,006.1682610000,-000.5163662000,-000.3649991000,-000.4830211000,000.6056668000,0.5685531
0.3415392,1.600222,-1.370566,1.250449,2.889473,2.671182,0.2405091,0.8391956,0.1488813,0.7824062,016.6703600000,014.5688300000,003.9399790000,-000.1937822000,000.2927141000,000.4762686000,000.8061856000,001.0000000000,005.5702050000,008.7884260000,002.5875070000,000.5066854000,000.4914579000,000.4916429000,000.5099277000,0.03391555
0.4005036,1.600222,-1.370566,3.261847,0.4781851,2.671182,0.2405091,0.8391956,0.1446739,0.7824062,016.6703600000,014.5688300000,003.9399790000,-000.1320242000,-000.3211294000,-000.0102865500,000.9377311000,000.9999999000,004.9542280000,008.9756970000,002.0408750000,000.4598137000,-000.4383056000,-000.5334264000,000.5584943000,0.3384139
0.4411138,2.134852,-1.705369,3.261847,0.482108,2.345097,0.2405091,0.8391956,0.1446739,0.7824062,016.6703600000,014.5688300000,003.9399790000,-000.1371442000,000.2236757000,000.4256371000,000.8660218000,000.9999999000,005.3734730000,009.0893610000,-002.3067010000,000.5206123000,000.4752438000,000.4667536000,000.5340855000,0.153593
0.2545787,2.090428,3.348905,0.8094142,6.640012,2.724642,0.2441697,0.5,1.5,1.833355,000.0285420300,001.4138100000,000.4455400000,-000.4805568000,000.0617200400,000.0132950200,000.8746880000,001.0000000000,-001.5446030000,006.2730620000,000.5162274000,000.0000000000,000.0000000000,-001.0510620000,000.5914105000,2.148878
0.04814725,1.962891,14.27104,2.143252,18.15518,2.896067,0.7411066,0.5118781,1.5,1.154099,000.0004213217,001.3653670000,000.3911415000,000.1947347000,000.2021356000,-000.0824419300,000.9562547000,001.0000000000,025.0624400000,000.4063764000,-023.3754000000,-000.1525169000,-000.5099627000,-000.7014253000,000.4740033000,0.9146183
0.04814725,1.962891,-1.468168,1.012792,4.447523,4.489956,1.402175,0.0991952,1.5,1.154099,009.6264950000,025.6556900000,012.7191800000,000.4306113000,-000.0808684200,000.8167570000,000.3754228000,000.9999999000,033.0191200000,023.5050700000,002.7432160000,000.0000000000,000.0000000000,-003.2099830000,000.6701711000,20.10173
0.4133555,1.962891,-1.468168,1.012792,4.447523,4.489956,1.402175,0.0991952,1.5,1.154099,009.6264950000,025.6556900000,012.7191800000,000.4590666000,000.1555365000,000.7841117000,000.3876016000,001.0000000000,033.0191200000,023.5050700000,002.7432160000,000.0000000000,000.0000000000,-003.2099830000,000.6701711000,20.10173
0.343779,1.962891,-3.625325,0.5000968,1.03166,2.84713,0.620562,0.8708013,0.1457225,1.044492,008.9686580000,002.0182710000,002.4353720000,-000.6619533000,-000.3410948000,-000.3616044000,000.5609941000,000.9999999000,000.8794403000,-000.3749060000,000.1344213000,-000.4160908000,-000.6103015000,000.5314404000,000.4146946000,0.3121935
0.5,2.5,0,0.7926841,5,3.226238,2.373079,0.04803467,1.5,1.5,008.9824830000,024.9119400000,003.4145380000,-000.2006384000,000.0539891800,000.1818368000,000.9611268000,001.0000000000,-053.7713500000,-453.5258000000,-000.6831452000,000.0000000000,000.0000000000,000.0000000000,015.2473600000,381.2607
0.3638135,2.5,0.3865194,0.7926841,5,2.120721,0.3341875,0.04803467,1.5,1.5,006.7908810000,011.4409500000,016.8561400000,-000.6739137000,000.0206107300,-000.0022574760,000.7385191000,000.9999999000,097.6245800000,073.5554000000,-106.8011000000,002.4320610000,000.0000000000,001.9384690000,003.9082340000,132.2159
0.3638135,2.5,0.3865194,0.7926841,5,2.120721,0.3341875,0.04803467,1.5,1.5,001.4823590000,011.3224900000,021.3241100000,-000.1099019000,000.3485796000,-000.9223887000,000.1249513000,001.0000000000,-409.7670000000,310.3103000000,-591.8889000000,012.0810800000,000.0000000000,000.0000000000,009.3197000000,477.0372
0.3638135,1.49856,0.3865194,0.8081437,6.915341,2.674724,1.47193,0.04803467,1.143996,1.5,001.4823590000,011.3224900000,021.3241100000,000.3336130000,000.1775663000,-000.8079880000,000.4520265000,000.9999999000,261.8834000000,-100.2252000000,041.3410400000,002.7760420000,-011.4706100000,000.0000000000,000.0000000000,294.338
0.3638135,1.49856,0.3865194,0.4634033,3.055012,2.674724,1.47193,0.873944,1.723536,0.1434173,003.4713300000,004.4030340000,005.6401970000,000.2856491000,000.1634815000,000.9318941000,000.1524855000,000.9999999000,-2441.2070000000,-17154.6400000000,-6052.8930000000,000.0000000000,091.4885200000,000.0000000000,000.0000000000,11191.22
0.7129638,2.5,3.348905,0.8094142,1.103559,2.724642,0.2441697,0.9000199,0.1428557,1.139048,003.4713300000,004.4030340000,005.6401970000,000.1509301000,-000.1518349000,-000.9671841000,000.1368257000,001.0000000000,-000.2406853000,002.2414430000,001.3858850000,000.4864289000,-000.5253620000,-000.4981545000,000.4891050000,0.06595223
0.4116389,2.5,3.348905,0.8094142,1.103559,2.724642,0.2441697,0.9000199,0.1428557,0.9864383,003.4713300000,004.4030340000,005.6401970000,-000.0216088600,-000.2672556000,000.9504352000,000.1574179000,001.0000000000,-002.2659790000,-000.7602808000,000.8883783000,-000.4849324000,-000.4850177000,-000.5218124000,000.5072576000,0.05938116
0.4116389,2.5,3.348905,0.8094142,1.103559,2.724642,0.2441697,0.9000199,0.1428557,0.6741179,001.5225910000,002.1318720000,019.3212800000,-000.1110642000,000.0417346600,000.9801187000,000.1590294000,000.9999999000,-000.0312361200,-000.0381003300,000.0365202300,000.4930322000,-000.4951293000,000.5040447000,000.5076467000,0.1133179
0.2637558,2.5,-2.578717,0.2014433,0.4761856,2.344807,0.2441697,0.9000199,0.4029691,0.870989,001.3034580000,000.9432066000,001.1016910000,-000.1700304000,-000.4226260000,-000.7927824000,000.4049357000,001.0000000000,000.5451519000,000.5292023000,000.6123099000,000.4910355000,-000.4910246000,-000.5076492000,000.5099718000,0.03490199
0.6737959,2.5,-2.578717,1.870137,5.819871,2.726985,0.2441697,0.9000199,1.117658,0.7439812,003.0753750000,003.0603360000,006.5522910000,000.2331791000,-000.1651175000,-000.2412004000,000.9274622000,001.0000000000,000.2962406000,000.9330279000,001.7503900000,-000.4689206000,000.3772219000,-000.5176510000,000.6081567000,0.5061232
0.2568875,2.5,3.348905,0.9855269,1.510187,2.987784,0.2441697,0.9000199,0.7847931,0.9196699,003.4713300000,004.4030340000,005.6401970000,-000.3950273000,000.1184470000,000.9033121000,000.1181143000,001.0000000000,-001.5261720000,-002.8190240000,005.0775320000,000.4608988000,-000.5571551000,000.4444697000,000.5287694000,0.210181
0.6394836,2.5,1.172783,2,9.504415,2.662662,0.2479756,0.7924638,2.066804,0.6743033,004.0977030000,002.6109420000,014.3604100000,000.2821245000,-000.3738340000,000.1080003000,000.8769207000,000.9999999000,000.8751833000,-002.4473310000,009.4716920000,000.1915323000,000.0000000000,-000.7238576000,000.7052471000,1.240206
0.540968,0.2411177,0.6102598,2.566209,0.7318256,3.219771,0.5768837,0.5216074,1.142503,0.5148871,000.0285420300,001.4138100000,000.4455400000,000.2058435000,-000.3964933000,-000.1133898000,000.8874482000,001.0000000000,-000.1352907000,000.0496517900,-000.9975037000,000.4988845000,000.4991257000,000.5012775000,000.5007082000,0.06620546
0.540968,0.2411177,0.6102598,2.566209,0.7318256,3.219771,0.5768837,0.5216074,1.142503,0.5148871,000.0285420300,001.4138100000,000.4455400000,000.0408902800,-000.4997048000,-000.1210044000,000.8567269000,000.9999999000,-000.1352907000,000.0496517900,-000.9975037000,000.4988845000,000.4991257000,000.5012775000,000.5007082000,0.06620546
0.540968,0.2411177,0.6102598,2.566209,0.7318256,3.219771,0.5768837,0.5216074,1.142503,0.5148871,000.0285420300,001.4138100000,000.4455400000,000.0348144400,-000.5024863000,-000.1212225000,000.8553365000,001.0000000000,-000.1352907000,000.0496517900,-000.9975037000,000.4988845000,000.4991257000,000.5012775000,000.5007082000,0.06620546
0.5247264,0.2689921,3.348905,0.7517765,9.518998,3.943148,1.062767,0.04853414,2.857144,0.9005691,007.0609280000,001.3459890000,002.0833420000,-000.5888676000,000.7146871000,-000.3466019000,000.1494137000,001.0000000000,-020.3448800000,-010.6851000000,023.7967600000,002.3653050000,000.0000000000,-001.9100400000,000.5052635000,35.34564
0.5247264,0.2689921,3.348905,0.7517765,9.518998,3.943148,1.062767,0.04853414,2.857144,0.9005691,007.0609280000,001.3459890000,002.0833420000,-000.6005443000,000.7061624000,-000.3384033000,000.1617544000,001.0000000000,-019.0656000000,-009.4143520000,023.3444200000,002.3653050000,000.0000000000,-001.9100400000,000.5052635000,35.34564
0.5247264,0.2689921,3.348905,0.7517765,9.518998,3.943148,1.062767,0.04853414,2.857144,0.9005691,007.0609280000,001.3459890000,002.0833420000,-000.6346477000,000.6783819000,-000.3154166000,000.1937336000,000.9999999000,-018.9022200000,-005.2814530000,019.1547300000,002.3653050000,000.0000000000,-001.9100400000,000.5052635000,35.34564
0.5247264,0.2689921,3.348905,0.7517765,9.518998,3.943148,1.062767,0.04853414,2.857144,0.9005691,007.0609280000,001.3459890000,002.0833420000,-000.6866875000,000.6325633000,-000.2884039000,000.2124788000,000.9999999000,-057.2158900000,-005.3027300000,014.4203900000,002.3653050000,000.0000000000,-001.9100400000,000.5052635000,35.34564
0.5247264,0.2689921,3.348905,0.7517765,9.518998,3.943148,1.062767,0.04853414,2.857144,0.9005691,007.0609280000,001.3459890000,002.0833420000,-000.6962891000,000.6254903000,-000.2863700000,000.2047820000,000.9999999000,-058.4875300000,-007.1082270000,012.5438500000,002.3653050000,000.0000000000,-001.9100400000,000.5052635000,35.34564
0.7129638,2.5,3.348905,0.8094142,1.103559,2.724642,0.2441697,0.9000199,0.1428557,1.139048,003.4713300000,004.4030340000,005.6401970000,000.2519495000,-000.3768603000,-000.8812102000,000.1340385000,001.0000000000,-000.1722098000,002.5404010000,001.6825290000,000.4991163000,-000.5017121000,-000.4998785000,000.4992888000,0.06595221
0.4116389,2.5,3.348905,0.8094142,1.103559,2.724642,0.2441697,0.9000199,0.1428557,0.9864383,003.4713300000,004.4030340000,005.6401970000,000.1046047000,000.3662112000,-000.9217589000,000.0728538900,001.0000000000,-002.1000680000,-000.7958516000,000.7820830000,-000.4991180000,-000.4991229000,-000.5013217000,000.5004339000,0.05938116
0.3638135,1.49856,0.3865194,0.8081437,6.915341,2.674724,1.47193,0.04803467,1.143996,1.5,001.4823590000,011.3224900000,021.3241100000,000.5018185000,000.0653595000,-000.8062872000,000.3062798000,001.0000000000,261.8834000000,-100.2252000000,041.3410400000,046.8503200000,196.6066000000,000.0000000000,000.0000000000,79404.95
0.5200742,4.760654,3.348905,6.518998,9.518998,2.671182,0.2396922,0.8391956,2.857144,0.9005691,016.6703600000,014.5688300000,003.9399790000,000.0378571500,-000.2278077000,000.1270077000,000.9646447000,000.9999999000,004.7422830000,-002.0167550000,002.0218140000,-000.4692726000,-000.4822219000,-000.5098725000,000.5359806000,0.5238742
0.5200742,4.760654,3.348905,6.518998,9.518998,2.671182,0.2396922,0.8391956,2.857144,0.9005691,016.6703600000,014.5688300000,003.9399790000,-000.0769965700,000.0475737600,000.1004156000,000.9908203000,000.9999999000,003.2269540000,-005.4851340000,-005.4482820000,000.0000000000,-001.0027920000,000.0000000000,000.8687265000,4.302783
0.5200742,4.760654,3.348905,6.518998,9.518998,2.671182,0.2396922,0.8391956,2.857144,0.9005691,016.6703600000,014.5688300000,003.9399790000,-000.0589698200,000.0611172500,000.1048371000,000.9908564000,001.0000000000,003.2269540000,-005.4851340000,-005.4482820000,000.0000000000,-001.0027920000,000.0000000000,000.8687265000,4.302783
0.5200742,2.20091,3.348905,6.520743,9.518998,2.614833,0.2396922,0.8391956,2.857144,0.8573651,006.5036940000,013.1509800000,003.9154530000,000.2567368000,000.0533221000,-000.0887718100,000.9609175000,001.0000000000,002.7975800000,003.4038980000,003.0645950000,-000.5082973000,000.4986448000,000.5023831000,000.4905083000,0.1215929
0.3176574,4.760654,3.348905,0.860732,9.518998,2.377069,0.2380928,0.9511679,1.499177,0.5694588,011.8276500000,007.9421730000,002.8164610000,-000.1283705000,-000.1293724000,000.3739845000,000.9093511000,001.0000000000,-002.6461560000,005.7062520000,002.1042830000,000.4998173000,000.5001014000,000.5001728000,000.4999084000,0.1254243
0.3176574,4.760654,3.348905,6.518998,9.518998,2.671182,0.2396922,0.8391956,0.1459678,0.4507619,016.6703600000,014.5688300000,003.9399790000,-000.0684084000,000.1060692000,000.4083426000,000.9040608000,001.0000000000,007.7595000000,003.9242590000,001.9606680000,000.4996861000,000.5002792000,000.5004614000,000.4995727000,0.04266613
0.3638135,1.49856,0.3865194,0.8081437,6.915341,2.674724,1.47193,0.04803467,1.143996,1.5,001.4823590000,011.3224900000,021.3241100000,000.5649137000,-000.3499937000,-000.6683218000,000.3342497000,001.0000000000,5980650000.0000000000,-1425148000.0000000000,2904650000.0000000000,-9779.4340000000,29867.0800000000,-10759.7400000000,000.0000000000,2.69459E+09
0.3638135,1.49856,0.3865194,0.8081437,6.915341,2.674724,1.47193,0.04803467,1.143996,1.5,001.4823590000,011.3224900000,021.3241100000,000.5597827000,-000.3502471000,-000.6719038000,000.3354334000,000.9999999000,5980650000.0000000000,-1425148000.0000000000,2904650000.0000000000,-9779.4340000000,29867.0800000000,-10759.7400000000,000.0000000000,2.69459E+09
0.3638135,1.49856,0.3865194,0.8081437,6.915341,2.674724,1.47193,0.04803467,1.143996,1.5,001.4823590000,011.3224900000,021.3241100000,000.5575524000,-000.3500137000,-000.6734919000,000.3362058000,001.0000000000,5980650000.0000000000,-1425148000.0000000000,2904650000.0000000000,-9779.4340000000,29867.0800000000,-10759.7400000000,000.0000000000,2.69459E+09
0.5,2.5,3.348905,0.8094142,6.640012,2.724642,0.2441697,0.5,1.5,1.833355,000.0285420300,001.4138100000,000.4455400000,000.2366701000,-000.3011742000,-000.2491466000,000.8894984000,000.9999999000,005.6961300000,002.6403800000,-000.1544411000,-000.5272755000,-000.4773292000,-000.4780758000,000.5153455000,0.09056095
0.5,2.5,3.348905,0.8094142,6.640012,2.724642,0.2441697,0.5,1.5,1.833355,000.0285420300,001.4138100000,000.4455400000,000.0004882813,-000.3002689000,-000.2350272000,000.9244461000,001.0000000000,005.5230300000,002.6860150000,-000.3095932000,-000.5173138000,000.4899971000,-000.4906927000,000.5015076000,0.04008615
0.1725427,4.760654,-0.3396538,1.028705,5.683248,2.358377,0.2475484,0.7538789,1.36569,0.6123744,016.6703600000,014.5688300000,003.9399790000,000.3813252000,000.1001482000,000.2207919000,000.8920831000,001.0000000000,-005.9437800000,-003.1422700000,-000.3038987000,-000.4999788000,000.4999484000,-000.5001065000,000.4999663000,0.01539339
0.5200742,4.760654,3.348905,6.520743,9.518998,2.614833,0.2396922,0.8391956,2.857144,0.7010063,006.5036940000,013.1509800000,003.9154530000,000.0765734200,000.0197829300,000.3738354000,000.9241170000,000.9999999000,004.1725160000,-001.4564310000,004.9234850000,-000.4841460000,-000.4907668000,-000.5051960000,000.5191604000,0.5238742
0.4897712,4.760654,-0.3396538,2.333879,9.516256,3.389326,0.6992902,0.7538789,1.09938,0.8614906,016.6703600000,014.5688300000,003.9399790000,-000.2602321000,000.1103241000,000.5542380000,000.7828972000,001.0000000000,-011.7115900000,-004.5339930000,004.4330970000,000.3882599000,000.3324704000,000.4426770000,000.7367189000,0.8219872
0.7129638,2.5,3.348905,0.8094142,1.103559,2.724642,0.2441697,0.9000199,0.1428557,1.139048,003.4713300000,004.4030340000,005.6401970000,-000.0085901420,-000.1239638000,-000.9063936000,000.4037448000,000.9999999000,-000.4875028000,002.5442530000,001.4569860000,000.4991163000,-000.5017121000,-000.4998785000,000.4992888000,0.06595221
0.3176574,4.760654,3.348905,0.860732,9.518998,3.259645,0.2380928,0.9511679,1.499177,0.5694588,011.8276500000,007.9421730000,002.8164610000,000.3193089000,000.2886974000,-000.1218487000,000.8943425000,001.0000000000,-002.6631710000,005.6160850000,002.0763610000,000.4985413000,000.5008078000,000.5013760000,000.4992697000,0.1254243
0.5,2.5,3.348905,0.8094142,6.640012,2.724642,0.2441697,0.5,1.5,1.833355,000.0285420300,001.4138100000,000.4455400000,-000.0981117300,000.1212276000,000.0402321200,000.9869444000,000.9999999000,-001.2641870000,003.9918080000,001.5732290000,-000.0991066600,000.0000000000,000.0000000000,001.1437340000,1.635901
0.3176574,4.760654,3.348905,0.860732,9.518998,3.259645,0.2380928,0.9511679,1.499177,0.5694588,011.8276500000,007.9421730000,002.8164610000,-000.0193087300,000.0613276700,000.4472078000,000.8921162000,001.0000000000,2744.4410000000,1331.9190000000,-1483.8140000000,042.1032500000,000.0000000000,000.0000000000,000.0000000000,2947.034
0.5200742,4.760654,3.348905,6.518998,9.518998,2.671182,0.2396922,0.8391956,2.857144,0.9005691,016.6703600000,014.5688300000,003.9399790000,-000.1536407000,000.3743957000,000.3042464000,000.8623552000,001.0000000000,002.0198700000,002.6238350000,003.3506550000,000.0000000000,-000.3865822000,-000.9510322000,000.6458501000,3.42088
0.3176574,4.760654,3.348905,2.98263,7.587201,2.377069,0.2391922,0.8830319,1.499177,0.5151213,011.8276500000,007.9421730000,002.8164610000,000.2377411000,-000.0146961700,000.4646856000,000.8528367000,000.9999999000,-004.7343080000,006.8997100000,002.9995210000,000.4932086000,000.5049776000,000.4887193000,000.5127341000,0.08099268
0.4529049,1.215401,0.9744185,2.964593,3.413267,3.037429,0.2407875,0.529266,1.621978,0.5148817,000.0285420300,001.4138100000,000.4455400000,000.2068263000,000.0578843700,-000.2263058000,000.9500831000,001.0000000000,002.3172770000,001.3025480000,000.9868026000,-000.3898603000,-000.6092336000,000.5532063000,000.4132870000,0.392041
0.3176574,4.760654,3.348905,0.860732,9.518998,2.377069,0.2380928,0.9511679,1.499177,0.5694588,011.8276500000,007.9421730000,002.8164610000,000.1674041000,000.1438147000,000.6408243000,000.7352805000,000.9999999000,-009.3515880000,005.6542270000,-004.0822000000,000.5502085000,000.1906047000,000.6099734000,000.5374690000,1.455811
0.5,2.5,1.172783,2,3.820967,2.662662,0.2479756,0.5,1.5,1.871219,000.0285420300,001.4138100000,000.4455400000,000.0935254600,-000.3742207000,-000.2241031000,000.8949803000,001.0000000000,-001.5123730000,-000.4425953000,-003.6502000000,000.6129720000,000.4159957000,000.5240464000,000.4202241000,1.032938
0.5,2.5,1.172783,2,3.820967,2.662662,0.2479756,0.5,1.5,1.871219,000.0285420300,001.4138100000,000.4455400000,000.0662982300,-000.3802538000,-000.2236291000,000.8949869000,000.9999999000,-001.5123730000,-000.4425953000,-003.6502000000,000.6129720000,000.4159957000,000.5240464000,000.4202241000,1.032938
0.6394836,2.5,1.172783,1.90258,9.504415,2.662662,0.2479756,0.7924638,2.066804,0.6743033,004.0977030000,002.6109420000,014.3604100000,000.4776021000,-000.1744781000,000.0829851900,000.8570689000,001.0000000000,-000.2413906000,-000.6066671000,007.9239990000,000.5404957000,000.5120093000,-000.4733524000,000.4707955000,0.1142354
0.5,2.5,0,0.7926841,5,5.465174,2.373079,0.04803467,1.5,1.5,022.2552700000,001.3433170000,005.8827330000,000.1280953000,-000.3943580000,000.4067020000,000.8140435000,001.0000000000,-558.7530000000,-104.7748000000,-286.9856000000,005.9943600000,000.0000000000,000.0000000000,010.0574100000,337.0077
0.4116389,2.5,3.348905,0.8094142,1.103559,2.724642,0.2441697,0.9000199,0.1428557,0.9864383,022.2552700000,001.3433170000,005.8827330000,-000.0845007900,000.1312231000,000.3693634000,000.9160845000,000.9999999000,-000.4778761000,-004.7029770000,-001.2558890000,000.0000000000,-001.4601200000,000.0000000000,000.7439930000,4.71235
0.3927543,1.215401,0.9744185,1.743361,1.668952,3.272341,0.5340779,0.6133329,1.621978,0.4049311,000.0285420300,001.4138100000,000.4455400000,000.2687469000,-000.0446166600,-000.0671235800,000.9598327000,001.0000000000,-000.8421423000,-000.3879709000,000.5012910000,-000.4877203000,000.5027335000,000.5185726000,000.4903778000,0.04853921
0.6203246,0.6400169,0.6102598,2.964593,2.322083,3.075703,0.2429795,0.529266,1.142503,0.5148817,000.0285420300,001.4138100000,000.4455400000,-000.0637321600,-000.5205815000,-000.2208139000,000.8222982000,001.0000000000,-000.6833845000,-000.3675126000,-001.0009380000,-000.4098390000,-000.6692061000,000.4784761000,000.3940253000,0.3853775
0.1725427,4.760654,-0.3396538,1.028705,5.683248,2.358377,0.2475484,0.7538789,1.36569,0.6123744,016.6703600000,014.5688300000,003.9399790000,000.3043334000,-000.2302878000,000.6111335000,000.6934440000,001.0000000000,-005.9765380000,-003.1187670000,-000.3164140000,-000.5003532000,000.4993761000,-000.5004973000,000.4997726000,0.006838398
0.5,2.5,0,2,5,5,2.5,0.5,1.5,1.5,004.0600000000,000.0000000000,000.0000000000,000.2045381000,000.1038814000,000.0675015700,000.9709873000,001.0000000000,000.0000000000,000.0000000000,000.0000000000,000.0000000000,000.0000000000,000.0000000000,001.0000000000,1
